%!PS
%%BoundingBox: -11 7 121 42 
%%HiResBoundingBox: -10.3501 7.69333 120.12424 41.91771 
%%Creator: MetaPost 1.999
%%CreationDate: 2016.05.11:0938
%%Pages: 1
%*Font: cmr10 9.96265 9.96265 31:f8
%*Font: cmsy10 9.96265 9.96265 00:8
%%BeginProlog
%%EndProlog
%%Page: 1 1
 0 0 0 setrgbcolor
-10.3501 8.52353 moveto
(\000) cmsy10 9.96265 fshow
-2.6014 8.52353 moveto
(5) cmr10 9.96265 fshow
57.28505 8.52353 moveto
(1) cmr10 9.96265 fshow
77.21028 8.52353 moveto
(3) cmr10 9.96265 fshow
 0 1.14569 dtransform truncate idtransform setlinewidth pop [] 0 setdash
 1 setlinecap 1 setlinejoin 10 setmiterlimit
newpath 0 39.85046 moveto
79.70093 39.85046 lineto stroke
newpath 59.7757 29.88785 moveto
119.55139 29.88785 lineto stroke
newpath 116.5626 31.38225 moveto
117.26816 30.4415 118.37546 29.88785 119.55139 29.88785 curveto
118.37546 29.88785 117.26816 29.3342 116.5626 28.39345 curveto stroke
newpath 0 19.92523 moveto
119.55139 19.92523 lineto stroke
newpath 116.5626 21.41963 moveto
117.26816 20.47888 118.37546 19.92523 119.55139 19.92523 curveto
118.37546 19.92523 117.26816 19.37158 116.5626 18.43083 curveto stroke
newpath 0 21.91776 moveto
-0.52847 21.91776 -1.03523 21.7078 -1.4089 21.33414 curveto
-1.78256 20.96046 -1.99252 20.4537 -1.99252 19.92523 curveto
-1.99252 19.39676 -1.78256 18.89 -1.4089 18.51633 curveto
-1.03523 18.14267 -0.52847 17.93271 0 17.93271 curveto
0.52847 17.93271 1.03523 18.14267 1.4089 18.51633 curveto
1.78256 18.89 1.99252 19.39676 1.99252 19.92523 curveto
1.99252 20.4537 1.78256 20.96046 1.4089 21.33414 curveto
1.03523 21.7078 0.52847 21.91776 0 21.91776 curveto closepath fill
newpath 0 41.84299 moveto
-0.52847 41.84299 -1.03523 41.63303 -1.4089 41.25937 curveto
-1.78256 40.8857 -1.99252 40.37894 -1.99252 39.85046 curveto
-1.99252 39.32199 -1.78256 38.81523 -1.4089 38.44156 curveto
-1.03523 38.0679 -0.52847 37.85794 0 37.85794 curveto
0.52847 37.85794 1.03523 38.0679 1.4089 38.44156 curveto
1.78256 38.81523 1.99252 39.32199 1.99252 39.85046 curveto
1.99252 40.37894 1.78256 40.8857 1.4089 41.25937 curveto
1.03523 41.63303 0.52847 41.84299 0 41.84299 curveto closepath fill
 1 1 1 setrgbcolor
newpath 59.7757 31.38225 moveto
59.37933 31.38225 58.99927 31.22476 58.71902 30.94452 curveto
58.43878 30.66428 58.2813 30.28421 58.2813 29.88785 curveto
58.2813 29.49149 58.43878 29.11142 58.71902 28.83118 curveto
58.99927 28.55093 59.37933 28.39345 59.7757 28.39345 curveto
60.17206 28.39345 60.55212 28.55093 60.83237 28.83118 curveto
61.11261 29.11142 61.2701 29.49149 61.2701 29.88785 curveto
61.2701 30.28421 61.11261 30.66428 60.83237 30.94452 curveto
60.55212 31.22476 60.17206 31.38225 59.7757 31.38225 curveto closepath fill
newpath 79.70093 41.34486 moveto
79.30457 41.34486 78.9245 41.18738 78.64426 40.90714 curveto
78.36401 40.62689 78.20653 40.24683 78.20653 39.85046 curveto
78.20653 39.4541 78.36401 39.07404 78.64426 38.7938 curveto
78.9245 38.51355 79.30457 38.35606 79.70093 38.35606 curveto
80.09729 38.35606 80.47736 38.51355 80.7576 38.7938 curveto
81.03784 39.07404 81.19533 39.4541 81.19533 39.85046 curveto
81.19533 40.24683 81.03784 40.62689 80.7576 40.90714 curveto
80.47736 41.18738 80.09729 41.34486 79.70093 41.34486 curveto closepath fill
 0 0 0 setrgbcolor
newpath 59.7757 31.38225 moveto
59.37933 31.38225 58.99927 31.22476 58.71902 30.94452 curveto
58.43878 30.66428 58.2813 30.28421 58.2813 29.88785 curveto
58.2813 29.49149 58.43878 29.11142 58.71902 28.83118 curveto
58.99927 28.55093 59.37933 28.39345 59.7757 28.39345 curveto
60.17206 28.39345 60.55212 28.55093 60.83237 28.83118 curveto
61.11261 29.11142 61.2701 29.49149 61.2701 29.88785 curveto
61.2701 30.28421 61.11261 30.66428 60.83237 30.94452 curveto
60.55212 31.22476 60.17206 31.38225 59.7757 31.38225 curveto stroke
newpath 79.70093 41.34486 moveto
79.30457 41.34486 78.9245 41.18738 78.64426 40.90714 curveto
78.36401 40.62689 78.20653 40.24683 78.20653 39.85046 curveto
78.20653 39.4541 78.36401 39.07404 78.64426 38.7938 curveto
78.9245 38.51355 79.30457 38.35606 79.70093 38.35606 curveto
80.09729 38.35606 80.47736 38.51355 80.7576 38.7938 curveto
81.03784 39.07404 81.19533 39.4541 81.19533 39.85046 curveto
81.19533 40.24683 81.03784 40.62689 80.7576 40.90714 curveto
80.47736 41.18738 80.09729 41.34486 79.70093 41.34486 curveto stroke
showpage
%%EOF
