%!PS
%%BoundingBox: -2 18 62 22 
%%HiResBoundingBox: -1.4944 18.43083 61.2701 21.41963 
%%Creator: MetaPost 1.504
%%CreationDate: 2013.08.13:1644
%%Pages: 1
%%BeginProlog
%%EndProlog
%%Page: 1 1
 0 0 0 setrgbcolor 0 0.49814 dtransform truncate idtransform setlinewidth pop [] 0 setdash 1 setlinecap
 1 setlinejoin 10 setmiterlimit
newpath 0 19.92523 moveto
59.7757 19.92523 lineto stroke
newpath 0 21.41963 moveto
-0.39636 21.41963 -0.77643 21.26215 -1.05667 20.9819 curveto
-1.33691 20.70166 -1.4944 20.3216 -1.4944 19.92523 curveto
-1.4944 19.52887 -1.33691 19.1488 -1.05667 18.86856 curveto
-0.77643 18.58832 -0.39636 18.43083 0 18.43083 curveto
0.39636 18.43083 0.77643 18.58832 1.05667 18.86856 curveto
1.33691 19.1488 1.4944 19.52887 1.4944 19.92523 curveto
1.4944 20.3216 1.33691 20.70166 1.05667 20.9819 curveto
0.77643 21.26215 0.39636 21.41963 0 21.41963 curveto closepath fill
newpath 59.7757 21.41963 moveto
59.37933 21.41963 58.99927 21.26215 58.71902 20.9819 curveto
58.43878 20.70166 58.2813 20.3216 58.2813 19.92523 curveto
58.2813 19.52887 58.43878 19.1488 58.71902 18.86856 curveto
58.99927 18.58832 59.37933 18.43083 59.7757 18.43083 curveto
60.17206 18.43083 60.55212 18.58832 60.83237 18.86856 curveto
61.11261 19.1488 61.2701 19.52887 61.2701 19.92523 curveto
61.2701 20.3216 61.11261 20.70166 60.83237 20.9819 curveto
60.55212 21.26215 60.17206 21.41963 59.7757 21.41963 curveto closepath fill
showpage
%%EOF
