%!PS
%%BoundingBox: 9 -26 185 150 
%%HiResBoundingBox: 9.71355 -25.15561 184.55746 149.68831 
%%Creator: MetaPost 1.504
%%CreationDate: 2013.08.13:1644
%%Pages: 1
%%BeginProlog
%%EndProlog
%%Page: 1 1
gsave newpath 119.55139 79.70093 moveto
119.55139 90.2704 115.35207 100.4057 107.87888 107.87888 curveto
100.4057 115.35207 90.2704 119.55139 79.70093 119.55139 curveto
69.13145 119.55139 58.99615 115.35207 51.52298 107.87888 curveto
44.04979 100.4057 39.85046 90.2704 39.85046 79.70093 curveto
39.85046 69.13145 44.04979 58.99615 51.52298 51.52298 curveto
58.99615 44.04979 69.13145 39.85046 79.70093 39.85046 curveto
90.2704 39.85046 100.4057 44.04979 107.87888 51.52298 curveto
115.35207 58.99615 119.55139 69.13145 119.55139 79.70093 curveto closepath clip
gsave newpath 154.42055 79.70093 moveto
154.42055 90.2704 150.22122 100.4057 142.74803 107.87888 curveto
135.27486 115.35207 125.13956 119.55139 114.57008 119.55139 curveto
104.00061 119.55139 93.86531 115.35207 86.39214 107.87888 curveto
78.91895 100.4057 74.71962 90.2704 74.71962 79.70093 curveto
74.71962 69.13145 78.91895 58.99615 86.39214 51.52298 curveto
93.86531 44.04979 104.00061 39.85046 114.57008 39.85046 curveto
125.13956 39.85046 135.27486 44.04979 142.74803 51.52298 curveto
150.22122 58.99615 154.42055 69.13145 154.42055 79.70093 curveto closepath clip
 0.7 setgray
newpath 139.47662 44.83177 moveto
139.47662 55.40125 135.2773 65.53654 127.80411 73.00972 curveto
120.33093 80.48291 110.19563 84.68224 99.62616 84.68224 curveto
89.05669 84.68224 78.92139 80.48291 71.44821 73.00972 curveto
63.97502 65.53654 59.7757 55.40125 59.7757 44.83177 curveto
59.7757 34.2623 63.97502 24.127 71.44821 16.65382 curveto
78.92139 9.18063 89.05669 4.98131 99.62616 4.98131 curveto
110.19563 4.98131 120.33093 9.18063 127.80411 16.65382 curveto
135.2773 24.127 139.47662 34.2623 139.47662 44.83177 curveto closepath fill
grestore
grestore
 0 0 0 setrgbcolor 0 0.49814 dtransform truncate idtransform setlinewidth pop [] 0 setdash 1 setlinejoin
 10 setmiterlimit
newpath 139.47662 44.83177 moveto
139.47662 55.40125 135.2773 65.53654 127.80411 73.00972 curveto
120.33093 80.48291 110.19563 84.68224 99.62616 84.68224 curveto
89.05669 84.68224 78.92139 80.48291 71.44821 73.00972 curveto
63.97502 65.53654 59.7757 55.40125 59.7757 44.83177 curveto
59.7757 34.2623 63.97502 24.127 71.44821 16.65382 curveto
78.92139 9.18063 89.05669 4.98131 99.62616 4.98131 curveto
110.19563 4.98131 120.33093 9.18063 127.80411 16.65382 curveto
135.2773 24.127 139.47662 34.2623 139.47662 44.83177 curveto closepath stroke
newpath 154.42055 79.70093 moveto
154.42055 90.2704 150.22122 100.4057 142.74803 107.87888 curveto
135.27486 115.35207 125.13956 119.55139 114.57008 119.55139 curveto
104.00061 119.55139 93.86531 115.35207 86.39214 107.87888 curveto
78.91895 100.4057 74.71962 90.2704 74.71962 79.70093 curveto
74.71962 69.13145 78.91895 58.99615 86.39214 51.52298 curveto
93.86531 44.04979 104.00061 39.85046 114.57008 39.85046 curveto
125.13956 39.85046 135.27486 44.04979 142.74803 51.52298 curveto
150.22122 58.99615 154.42055 69.13145 154.42055 79.70093 curveto closepath stroke
newpath 119.55139 79.70093 moveto
119.55139 90.2704 115.35207 100.4057 107.87888 107.87888 curveto
100.4057 115.35207 90.2704 119.55139 79.70093 119.55139 curveto
69.13145 119.55139 58.99615 115.35207 51.52298 107.87888 curveto
44.04979 100.4057 39.85046 90.2704 39.85046 79.70093 curveto
39.85046 69.13145 44.04979 58.99615 51.52298 51.52298 curveto
58.99615 44.04979 69.13145 39.85046 79.70093 39.85046 curveto
90.2704 39.85046 100.4057 44.04979 107.87888 51.52298 curveto
115.35207 58.99615 119.55139 69.13145 119.55139 79.70093 curveto closepath stroke
newpath 9.96262 -24.90654 moveto
184.3084 -24.90654 lineto
184.3084 149.43924 lineto
9.96262 149.43924 lineto
 closepath stroke
showpage
%%EOF
