%!PS
%%BoundingBox: -1 17 101 22 
%%HiResBoundingBox: -0.57285 17.85799 100.199 21.99248 
%%Creator: MetaPost 0.993
%%CreationDate: 2016.05.11:0918
%%Pages: 1
%%BeginProlog
%%EndProlog
%%Page: 1 1
 0 0 0 setrgbcolor 0 1.14569 dtransform truncate idtransform setlinewidth pop
 [] 0 setdash 1 setlinecap 1 setlinejoin 10 setmiterlimit
newpath 0 19.92523 moveto
99.62616 19.92523 lineto stroke
newpath 96.63737 21.41963 moveto
97.34293 20.47888 98.45023 19.92523 99.62616 19.92523 curveto
98.45023 19.92523 97.34293 19.37158 96.63737 18.43083 curveto stroke
newpath 2.98878 18.43083 moveto
2.28323 19.37158 1.17593 19.92523 0 19.92523 curveto
1.17593 19.92523 2.28323 20.47888 2.98878 21.41963 curveto stroke
 1 1 1 setrgbcolor
newpath 49.81308 21.41963 moveto
49.41672 21.41963 49.03665 21.26215 48.75641 20.9819 curveto
48.47617 20.70166 48.31868 20.3216 48.31868 19.92523 curveto
48.31868 19.52887 48.47617 19.1488 48.75641 18.86856 curveto
49.03665 18.58832 49.41672 18.43083 49.81308 18.43083 curveto
50.20944 18.43083 50.58951 18.58832 50.86975 18.86856 curveto
51.15 19.1488 51.30748 19.52887 51.30748 19.92523 curveto
51.30748 20.3216 51.15 20.70166 50.86975 20.9819 curveto
50.58951 21.26215 50.20944 21.41963 49.81308 21.41963 curveto closepath fill
 0 0 0 setrgbcolor
newpath 49.81308 21.41963 moveto
49.41672 21.41963 49.03665 21.26215 48.75641 20.9819 curveto
48.47617 20.70166 48.31868 20.3216 48.31868 19.92523 curveto
48.31868 19.52887 48.47617 19.1488 48.75641 18.86856 curveto
49.03665 18.58832 49.41672 18.43083 49.81308 18.43083 curveto
50.20944 18.43083 50.58951 18.58832 50.86975 18.86856 curveto
51.15 19.1488 51.30748 19.52887 51.30748 19.92523 curveto
51.30748 20.3216 51.15 20.70166 50.86975 20.9819 curveto
50.58951 21.26215 50.20944 21.41963 49.81308 21.41963 curveto stroke
showpage
%%EOF
