%!PS
%%BoundingBox: -1 17 100 22 
%%HiResBoundingBox: -0.24907 17.85799 99.87523 21.99248 
%%Creator: MetaPost 1.504
%%CreationDate: 2013.08.13:1644
%%Pages: 1
%%BeginProlog
%%EndProlog
%%Page: 1 1
 0 0 0 setrgbcolor 0 0.49814 dtransform truncate idtransform setlinewidth pop [] 0 setdash 1 setlinecap
 1 setlinejoin 10 setmiterlimit
newpath 0 19.92523 moveto
99.62616 19.92523 lineto stroke
newpath 96.63737 21.41963 moveto
97.34293 20.47888 98.45023 19.92523 99.62616 19.92523 curveto
98.45023 19.92523 97.34293 19.37158 96.63737 18.43083 curveto stroke
newpath 2.98878 18.43083 moveto
2.28323 19.37158 1.17593 19.92523 0 19.92523 curveto
1.17593 19.92523 2.28323 20.47888 2.98878 21.41963 curveto stroke
 0 1.14569 dtransform truncate idtransform setlinewidth pop
newpath 19.92523 19.92523 moveto
59.7757 19.92523 lineto stroke
newpath 79.70093 21.91776 moveto
79.17245 21.91776 78.6657 21.7078 78.29202 21.33414 curveto
77.91837 20.96046 77.7084 20.4537 77.7084 19.92523 curveto
77.7084 19.39676 77.91837 18.89 78.29202 18.51633 curveto
78.6657 18.14267 79.17245 17.93271 79.70093 17.93271 curveto
80.2294 17.93271 80.73616 18.14267 81.10983 18.51633 curveto
81.48349 18.89 81.69345 19.39676 81.69345 19.92523 curveto
81.69345 20.4537 81.48349 20.96046 81.10983 21.33414 curveto
80.73616 21.7078 80.2294 21.91776 79.70093 21.91776 curveto closepath fill
newpath 59.7757 21.91776 moveto
59.24722 21.91776 58.74046 21.7078 58.36679 21.33414 curveto
57.99313 20.96046 57.78317 20.4537 57.78317 19.92523 curveto
57.78317 19.39676 57.99313 18.89 58.36679 18.51633 curveto
58.74046 18.14267 59.24722 17.93271 59.7757 17.93271 curveto
60.30417 17.93271 60.81093 18.14267 61.1846 18.51633 curveto
61.55826 18.89 61.76822 19.39676 61.76822 19.92523 curveto
61.76822 20.4537 61.55826 20.96046 61.1846 21.33414 curveto
60.81093 21.7078 60.30417 21.91776 59.7757 21.91776 curveto closepath fill
 1 1 1 setrgbcolor
newpath 19.92523 21.41963 moveto
19.52887 21.41963 19.1488 21.26215 18.86856 20.9819 curveto
18.58832 20.70166 18.43083 20.3216 18.43083 19.92523 curveto
18.43083 19.52887 18.58832 19.1488 18.86856 18.86856 curveto
19.1488 18.58832 19.52887 18.43083 19.92523 18.43083 curveto
20.3216 18.43083 20.70166 18.58832 20.9819 18.86856 curveto
21.26215 19.1488 21.41963 19.52887 21.41963 19.92523 curveto
21.41963 20.3216 21.26215 20.70166 20.9819 20.9819 curveto
20.70166 21.26215 20.3216 21.41963 19.92523 21.41963 curveto closepath fill
 0 0 0 setrgbcolor
newpath 19.92523 21.41963 moveto
19.52887 21.41963 19.1488 21.26215 18.86856 20.9819 curveto
18.58832 20.70166 18.43083 20.3216 18.43083 19.92523 curveto
18.43083 19.52887 18.58832 19.1488 18.86856 18.86856 curveto
19.1488 18.58832 19.52887 18.43083 19.92523 18.43083 curveto
20.3216 18.43083 20.70166 18.58832 20.9819 18.86856 curveto
21.26215 19.1488 21.41963 19.52887 21.41963 19.92523 curveto
21.41963 20.3216 21.26215 20.70166 20.9819 20.9819 curveto
20.70166 21.26215 20.3216 21.41963 19.92523 21.41963 curveto stroke
showpage
%%EOF
