%!PS
%%BoundingBox: -2 17 121 42 
%%HiResBoundingBox: -1.99252 17.68364 120.12424 41.91771 
%%Creator: MetaPost 1.504
%%CreationDate: 2013.08.13:1644
%%Pages: 1
%%BeginProlog
%%EndProlog
%%Page: 1 1
 0 0 0 setrgbcolor 0 0.49814 dtransform truncate idtransform setlinewidth pop [] 0 setdash 1 setlinecap
 1 setlinejoin 10 setmiterlimit
newpath 0 19.92523 moveto
119.55139 19.92523 lineto stroke
newpath 116.5626 21.41963 moveto
117.26816 20.47888 118.37546 19.92523 119.55139 19.92523 curveto
118.37546 19.92523 117.26816 19.37158 116.5626 18.43083 curveto stroke
 0.49814 0 dtransform exch truncate exch idtransform pop setlinewidth
newpath 0 17.93271 moveto
0 21.91776 lineto stroke
newpath 79.70093 17.93271 moveto
79.70093 21.91776 lineto stroke
 0 1.14569 dtransform truncate idtransform setlinewidth pop
newpath 0 39.85046 moveto
79.70093 39.85046 lineto stroke
newpath 59.7757 29.88785 moveto
119.55139 29.88785 lineto stroke
newpath 116.5626 31.38225 moveto
117.26816 30.4415 118.37546 29.88785 119.55139 29.88785 curveto
118.37546 29.88785 117.26816 29.3342 116.5626 28.39345 curveto stroke
newpath 59.7757 19.92523 moveto
79.70093 19.92523 lineto stroke
newpath 0 41.84299 moveto
-0.52847 41.84299 -1.03523 41.63303 -1.4089 41.25937 curveto
-1.78256 40.8857 -1.99252 40.37894 -1.99252 39.85046 curveto
-1.99252 39.32199 -1.78256 38.81523 -1.4089 38.44156 curveto
-1.03523 38.0679 -0.52847 37.85794 0 37.85794 curveto
0.52847 37.85794 1.03523 38.0679 1.4089 38.44156 curveto
1.78256 38.81523 1.99252 39.32199 1.99252 39.85046 curveto
1.99252 40.37894 1.78256 40.8857 1.4089 41.25937 curveto
1.03523 41.63303 0.52847 41.84299 0 41.84299 curveto closepath fill
 1 1 1 setrgbcolor
newpath 59.7757 21.41963 moveto
59.37933 21.41963 58.99927 21.26215 58.71902 20.9819 curveto
58.43878 20.70166 58.2813 20.3216 58.2813 19.92523 curveto
58.2813 19.52887 58.43878 19.1488 58.71902 18.86856 curveto
58.99927 18.58832 59.37933 18.43083 59.7757 18.43083 curveto
60.17206 18.43083 60.55212 18.58832 60.83237 18.86856 curveto
61.11261 19.1488 61.2701 19.52887 61.2701 19.92523 curveto
61.2701 20.3216 61.11261 20.70166 60.83237 20.9819 curveto
60.55212 21.26215 60.17206 21.41963 59.7757 21.41963 curveto closepath fill
newpath 59.7757 31.38225 moveto
59.37933 31.38225 58.99927 31.22476 58.71902 30.94452 curveto
58.43878 30.66428 58.2813 30.28421 58.2813 29.88785 curveto
58.2813 29.49149 58.43878 29.11142 58.71902 28.83118 curveto
58.99927 28.55093 59.37933 28.39345 59.7757 28.39345 curveto
60.17206 28.39345 60.55212 28.55093 60.83237 28.83118 curveto
61.11261 29.11142 61.2701 29.49149 61.2701 29.88785 curveto
61.2701 30.28421 61.11261 30.66428 60.83237 30.94452 curveto
60.55212 31.22476 60.17206 31.38225 59.7757 31.38225 curveto closepath fill
newpath 79.70093 41.34486 moveto
79.30457 41.34486 78.9245 41.18738 78.64426 40.90714 curveto
78.36401 40.62689 78.20653 40.24683 78.20653 39.85046 curveto
78.20653 39.4541 78.36401 39.07404 78.64426 38.7938 curveto
78.9245 38.51355 79.30457 38.35606 79.70093 38.35606 curveto
80.09729 38.35606 80.47736 38.51355 80.7576 38.7938 curveto
81.03784 39.07404 81.19533 39.4541 81.19533 39.85046 curveto
81.19533 40.24683 81.03784 40.62689 80.7576 40.90714 curveto
80.47736 41.18738 80.09729 41.34486 79.70093 41.34486 curveto closepath fill
newpath 79.70093 21.41963 moveto
79.30457 21.41963 78.9245 21.26215 78.64426 20.9819 curveto
78.36401 20.70166 78.20653 20.3216 78.20653 19.92523 curveto
78.20653 19.52887 78.36401 19.1488 78.64426 18.86856 curveto
78.9245 18.58832 79.30457 18.43083 79.70093 18.43083 curveto
80.09729 18.43083 80.47736 18.58832 80.7576 18.86856 curveto
81.03784 19.1488 81.19533 19.52887 81.19533 19.92523 curveto
81.19533 20.3216 81.03784 20.70166 80.7576 20.9819 curveto
80.47736 21.26215 80.09729 21.41963 79.70093 21.41963 curveto closepath fill
 0 0 0 setrgbcolor
newpath 59.7757 21.41963 moveto
59.37933 21.41963 58.99927 21.26215 58.71902 20.9819 curveto
58.43878 20.70166 58.2813 20.3216 58.2813 19.92523 curveto
58.2813 19.52887 58.43878 19.1488 58.71902 18.86856 curveto
58.99927 18.58832 59.37933 18.43083 59.7757 18.43083 curveto
60.17206 18.43083 60.55212 18.58832 60.83237 18.86856 curveto
61.11261 19.1488 61.2701 19.52887 61.2701 19.92523 curveto
61.2701 20.3216 61.11261 20.70166 60.83237 20.9819 curveto
60.55212 21.26215 60.17206 21.41963 59.7757 21.41963 curveto stroke
newpath 59.7757 31.38225 moveto
59.37933 31.38225 58.99927 31.22476 58.71902 30.94452 curveto
58.43878 30.66428 58.2813 30.28421 58.2813 29.88785 curveto
58.2813 29.49149 58.43878 29.11142 58.71902 28.83118 curveto
58.99927 28.55093 59.37933 28.39345 59.7757 28.39345 curveto
60.17206 28.39345 60.55212 28.55093 60.83237 28.83118 curveto
61.11261 29.11142 61.2701 29.49149 61.2701 29.88785 curveto
61.2701 30.28421 61.11261 30.66428 60.83237 30.94452 curveto
60.55212 31.22476 60.17206 31.38225 59.7757 31.38225 curveto stroke
newpath 79.70093 41.34486 moveto
79.30457 41.34486 78.9245 41.18738 78.64426 40.90714 curveto
78.36401 40.62689 78.20653 40.24683 78.20653 39.85046 curveto
78.20653 39.4541 78.36401 39.07404 78.64426 38.7938 curveto
78.9245 38.51355 79.30457 38.35606 79.70093 38.35606 curveto
80.09729 38.35606 80.47736 38.51355 80.7576 38.7938 curveto
81.03784 39.07404 81.19533 39.4541 81.19533 39.85046 curveto
81.19533 40.24683 81.03784 40.62689 80.7576 40.90714 curveto
80.47736 41.18738 80.09729 41.34486 79.70093 41.34486 curveto stroke
newpath 79.70093 21.41963 moveto
79.30457 21.41963 78.9245 21.26215 78.64426 20.9819 curveto
78.36401 20.70166 78.20653 20.3216 78.20653 19.92523 curveto
78.20653 19.52887 78.36401 19.1488 78.64426 18.86856 curveto
78.9245 18.58832 79.30457 18.43083 79.70093 18.43083 curveto
80.09729 18.43083 80.47736 18.58832 80.7576 18.86856 curveto
81.03784 19.1488 81.19533 19.52887 81.19533 19.92523 curveto
81.19533 20.3216 81.03784 20.70166 80.7576 20.9819 curveto
80.47736 21.26215 80.09729 21.41963 79.70093 21.41963 curveto stroke
showpage
%%EOF
